34 3.6393301258319863
32 3.6101996945358223
32 3.7283296632817535
38 3.607348074519667
30 3.6265312534707035
34 3.6514710988146204
32 3.627134005546927
36 3.6343830799406485
30 3.5769459676535
26 3.6625847051738614
32 3.6402155952336934
40 3.764279566100916
30 3.6097403081935546
36 3.723119756965654
28 3.711166776444918
30 3.6296068867375233
36 3.5782437613592135
36 3.5176996434454626
30 3.624031637721172
36 3.627146667643566
40 3.7887431772422677
36 3.62211607246958
28 3.5024130205165234
38 3.672403062192907
26 3.6079679314928366
36 3.6589027698847745
30 3.5911843208686687
36 3.571623324659615
26 3.6451038928904382
30 3.6155082202390334
42 3.7297536061267733
32 3.6469016936727314
26 3.666252022040211
32 3.5476214782213935
36 3.7339993880653632
26 3.708883267087783
36 3.5777367827333375
36 3.673075023010346
34 3.6790676932725668
30 3.64228155958207
40 3.7623655696009224
30 3.6160290267607555
38 3.6948323607956746
28 3.540880411035914
38 3.6820646360170657
26 3.658847175327627
30 3.7174007560830797
40 3.530491068743468
32 3.638967805064116
36 3.7515319185425673
30 3.5771550297898513
34 3.651136931487681
40 3.7538465198278135
32 3.6589059110055495
36 3.7366462515365275
32 3.6344252202085214
34 3.6507458730270086
26 3.6895476573433226
36 3.5988578109520706
36 3.7566641906850524
38 3.6539002095231283
36 3.7354042875926132
34 3.6708612850041784
38 3.6900519161547316
26 3.580886364197336
32 3.5950016406329537
32 3.59277148135996
40 3.5889292059231366
38 3.5470598096813473
28 3.5605498156095785
36 3.613798107191029
44 3.638801842561346
30 3.6257810297666144
26 3.7101145179206716
36 3.7067105805932488
32 3.6756340554559728
26 3.656568801702862
30 3.58224789023986
36 3.6324334127824707
38 3.682544496800506
40 3.7355205920729437
30 3.5343401944758934
36 3.6610687992628153
26 3.5743378203901512
40 3.652235116447604
28 3.6804995215770058
36 3.7029901604996467
30 3.6337869995964134
34 3.600317147453808
36 3.522491301938042
30 3.6374927967048793
34 3.6264037512961353
34 3.5592365112413664
26 3.667489137744885
36 3.6301917030445074
34 3.6099271146428706
40 3.7711378479744644
34 3.5653151410698687
32 3.705491954368438
36 3.6024176423995016
36 3.533604920783962
34 3.6617598391801023
30 3.6252192904373874
36 3.7506299316212854
28 3.557682611929417
32 3.6066121817899455
40 3.6907174517294528
36 3.6016591092730135
36 3.6766829020221277
30 3.5957773346963933
36 3.652930743726835
26 3.583372340483963
30 3.612418254920849
30 3.5742542930120744
26 3.5806854984013783
28 3.74584595603691
36 3.7440816161155657
38 3.7580271587154583
30 3.5384404913453533
36 3.6068742995127554
30 3.6352116023381007
36 3.618576494245662
30 3.55143655661696
26 3.608482869654174
32 3.542699696530642
32 3.574668154406286
36 3.6648129677478782
36 3.6226586261038944
26 3.6663828269874634
38 3.56034360682467
40 3.673200531147046
34 3.7000154792265154
32 3.62366355456537
30 3.755497805650007
30 3.5490613148171772
38 3.701751966625069
26 3.6390787235365476
34 3.566613260200775
42 3.6735990440327906
34 3.685194541295952
26 3.6592899932880636
26 3.6658967948812284
26 3.664819285732821
32 3.680890688194834
46 3.714488431050393
38 3.612818036697337
46 3.7216653134425077
26 3.660942417683165
30 3.5893768904795555
34 3.71054785637207
44 3.727265254535281
32 3.5991618562013024
28 3.555923588067456
30 3.619665789338692
32 3.634579790387271
34 3.6249269960743495
26 3.6953351659563034
34 3.6373566676970768
36 3.6293208877604592
32 3.639023591011649
36 3.5460597001678433
34 3.648280123520489
28 3.7093033696705513
34 3.729186310584517
36 3.5214173649201315
30 3.7086985259302243
30 3.629149539798574
36 3.567364067988324
42 3.8074816090804022
26 3.6679694327358394
28 3.5777687581917377
38 3.6546467288903997
34 3.637480304792633
34 3.6868977279654436
30 3.5670851153856997
38 3.701441668094639
26 3.6665150678885663
28 3.712225391815423
30 3.5574927323151417
30 3.556897946708752
34 3.630291359788225
28 3.5462834233774583
28 3.612506306057307
26 3.7145628909804422
30 3.682601326191971
38 3.712930800075549
32 3.6536534572848374
26 3.6625391601608137
28 3.5436699343449747
34 3.643870500501727
36 3.612884922945001
38 3.658697241183014
42 3.7202366281131796
32 3.66208886473434
32 3.705533688266526
26 3.582257543898145
36 3.6279433244713846
36 3.565225645188182
34 3.6640445959350156
34 3.645274482290896
34 3.728080562988261
38 3.5799631352913646
30 3.61078025193692
38 3.624832412586289
38 3.6615643543423606
26 3.6302444341481652
32 3.638687739013943
32 3.71509621817752
40 3.6294148296889284
28 3.6848250164993517
30 3.573864655722921
38 3.7739442592347268
34 3.566367273154036
30 3.5927135825901186
34 3.6311633248779436
38 3.621397664175345
34 3.575808845037362
30 3.5896195667095023
30 3.5402251172138497
38 3.63352829982116
34 3.5996328315428583
46 3.7818651365579368
30 3.730634315162189
38 3.5128607880764906
36 3.5541422809011705
26 3.58770133931163
28 3.587079979006783
34 3.7343429097958607
36 3.6976999037313023
26 3.598597593199093
30 3.60112133961621
34 3.649915322971498
36 3.6179590424356354
30 3.5396831766657333
26 3.6630581269508613
30 3.72059494224453
34 3.5966561682653024
36 3.6207249380230047
42 3.64219171656173
28 3.6224150283261904
32 3.6556427616443536
28 3.621827795526641
26 3.580916824346222
28 3.6876794270623328
26 3.5771416524037107
46 3.7014218798181195
26 3.542496889377303
32 3.5525279100603053
38 3.715167990712892
26 3.670188112291886
34 3.669596211559123
32 3.7223596608903424
26 3.6857217957610504
44 3.7762876252786284
42 3.66461005895687
32 3.6493798875927017
28 3.5466867768633437
24 3.7464085128732822
30 3.586583937933686
32 3.7176601824887
34 3.636265301215445
26 3.588846532547844
30 3.5850180163131182
38 3.6076749621396917
26 3.5587516106483266
34 3.6154445961493322
38 3.5535988619775405
26 3.6046427711553286
34 3.6780035006066507
34 3.7075240191969945
36 3.7090386219337788
28 3.712093245284045
32 3.6428976274319336
26 3.6612107869379287
32 3.689932634354841
40 3.6778914725564578
28 3.555311247334537
32 3.6083494743144957
40 3.736310807987625
34 3.67287649578619
34 3.623868189177114
38 3.5950072482220268
32 3.698709694488498
30 3.622560707467273
30 3.5733532917741373
36 3.6808680542654866
30 3.6306851885566154
36 3.7829586838772675
34 3.6062794773306055
36 3.6236118477884
30 3.581399808587301
30 3.60541802594614
26 3.5886786230449026
34 3.695296591576704
34 3.5752109625247197
32 3.6670209676654615
36 3.6201713105416533
32 3.609252467952526
30 3.5642214950369837
36 3.6614152856804645
