34 3.664771627672659
60 3.8251873492580653
36 3.692458848988414
36 3.7291490653862347
44 3.685344539636107
32 3.642009628704373
56 3.8113123677689114
52 3.743375797362722
40 3.6545124204527837
48 3.7735045851107865
48 3.6816558928715417
30 3.620454456427368
30 3.6509193331395315
46 3.7324205857644497
32 3.7168248437396816
34 3.6169805374683226
34 3.6807408061525067
38 3.6051932732186045
50 3.726939135637453
32 3.5834471714922915
54 3.693612888396606
38 3.7658124631817604
38 3.7053307225519387
48 3.793952828728655
52 3.8183555172580284
40 3.7672046835098376
50 3.8398092612857635
34 3.5762067442854737
38 3.7096957600776563
42 3.7859679947313474
48 3.707777948037918
46 3.7285838522622936
62 3.8440317790637697
48 3.7525088552521684
38 3.6414877942282065
34 3.742695051630315
48 3.8291878147942406
26 3.582650837260127
32 3.5508440715764085
30 3.6139718797868747
42 3.6863805040638598
36 3.707581572549238
36 3.781655005903491
36 3.622160959129687
32 3.634816285243924
58 3.9016525078494437
40 3.7966578958831625
54 3.7543791941681293
72 3.8298872817477223
50 3.8449649817083387
38 3.6901390130579914
26 3.622776170576915
26 3.563140834785492
34 3.648868832289732
34 3.6438644058946057
38 3.578757843271058
40 3.590838185267092
56 3.842136702165916
32 3.598450728915126
42 3.7723462366482257
42 3.6844156060123514
44 3.6606879473773257
52 3.822066422606899
38 3.719425434798053
50 3.83769756441521
36 3.6156291926860744
32 3.5676634268829464
32 3.6126047228408096
48 3.766088762972599
38 3.7654783700619556
50 3.800964660395353
42 3.7068645187620897
34 3.6252449143139542
24 3.644627560240857
34 3.688275291714447
38 3.7331099691714593
36 3.7518129057201826
34 3.7177656593548916
46 3.6835364233752257
44 3.8457075805780927
48 3.8418676474682334
48 3.837443274430147
38 3.7454289881185328
38 3.7692394575669512
62 3.6823040538685357
52 3.7802852326690624
44 3.7967720785374306
50 3.720644791666291
54 3.813838003743078
40 3.622973614024041
56 3.799837073603832
42 3.6366208343543174
48 3.8396953227716337
60 3.8146081584814087
36 3.728395468185636
26 3.55794147011707
36 3.6783149073503463
34 3.7055420878853162
34 3.718761924438649
36 3.6917472405109955
50 3.695917512128041
36 3.6253263869542263
42 3.626580897805047
34 3.6054696041914216
32 3.702613196129694
46 3.6996227538104804
36 3.6292983179369354
34 3.6966484176655
38 3.7063009748949556
38 3.707662296744167
44 3.709326977271152
60 3.8223609152082654
34 3.6185405988030364
30 3.6216383859008987
34 3.611544311105348
40 3.757610403635975
30 3.647210728359122
44 3.7074006081767767
48 3.7656113995562794
38 3.68994501530148
64 3.7922498565525564
28 3.5274928472776375
34 3.7264931200578966
36 3.565089594535154
50 3.863601119377393
46 3.7311172067922573
48 3.764882974884941
50 3.746944605379135
42 3.691024599435511
62 3.7834428134420635
36 3.609376412922127
44 3.795692151708079
50 3.836948288836789
46 3.5979027060769506
30 3.60122326476652
40 3.7512752271367305
44 3.7947482254063383
46 3.783432655353915
58 3.8763107977925646
38 3.717854805281722
34 3.6175420330709596
42 3.7333014199076384
48 3.743289726063425
38 3.634168317088726
52 3.7649457826875707
34 3.6877612886199795
38 3.709932897892132
42 3.6846904177055184
50 3.732216894731427
66 3.688710080924254
58 3.7113424690767016
50 3.7162689657649692
36 3.6404500458760287
42 3.673984431221869
38 3.615271789800802
28 3.588335417868995
34 3.630371059178346
34 3.7416278471882145
36 3.8188022787445393
40 3.690528724256001
38 3.732315192631074
42 3.678580805578821
36 3.6434996864088323
38 3.618070604511039
48 3.699276487124362
40 3.746202418315051
34 3.685744582396711
36 3.6002245266318877
46 3.8406912048947763
36 3.7604322891525293
36 3.7228881799121245
48 3.854831686394997
38 3.6207305087022936
34 3.5526908337096303
52 3.783544146040288
32 3.560760210617353
44 3.714257777589363
32 3.666701304779656
48 3.7293724172398792
52 3.828325158581709
34 3.5964421342702697
42 3.6891472705673
28 3.7615196865982057
36 3.6971783925693447
30 3.717167669666922
42 3.6675072098338712
52 3.847958966531562
48 3.6721772934426227
34 3.639171269941042
62 3.7479832010945584
38 3.6943318170430977
30 3.6648727723274446
34 3.5986624842874946
34 3.7701107738906505
60 3.7676452544614474
34 3.5945537333173783
42 3.6169833762787444
28 3.6177488890715286
34 3.5601086244783313
34 3.536961949136452
24 3.626495975493035
40 3.7008815402569777
50 3.692626911542964
40 3.5934909428888084
40 3.706947569374777
52 3.701414021022271
34 3.6960679287258493
48 3.7543274569873257
60 3.8728692313163764
56 3.732119269819036
38 3.7247959161023574
36 3.6484605362582707
38 3.770506277451205
26 3.5837750833305075
44 3.797635281363626
54 3.701351849188631
60 3.7530605582551986
60 3.832719941838496
50 3.924244486742126
62 3.7454487205680573
52 3.7398481060681887
60 3.7382721030795363
62 3.8382960110841666
34 3.5935911911931657
36 3.5961179789182944
44 3.722654996075832
50 3.535542712768027
32 3.6091701065743984
32 3.6469746499610487
34 3.6897702352634356
44 3.6649459444582995
36 3.616344395368824
40 3.736858763637176
62 3.6991737052569102
28 3.6395126990298796
30 3.5795193478845677
44 3.741149105560586
50 3.7312796527156666
34 3.5947454152210354
24 3.560997710818747
42 3.6621051533022904
48 3.7255573175622048
26 3.659011241908529
30 3.6150565743265655
34 3.7125434252913934
48 3.8290577223889133
40 3.597863156792433
36 3.6695412429725165
48 3.822499768098439
36 3.691415151754381
56 3.6135798312575584
52 3.616887499886546
36 3.766000584788949
48 3.722836058997944
34 3.6575209832109885
40 3.7440286314007025
54 3.9559352594351864
52 3.7889421829907293
56 3.780826907955338
30 3.629005007505824
52 3.7448811246834492
52 3.8132340187733695
44 3.7325682747208653
46 3.821308684488292
58 3.752666386669451
32 3.576464743463199
46 3.83574797152471
30 3.650421816735553
40 3.667582300522659
34 3.648295809175816
44 3.771213819540829
34 3.702295868192513
30 3.5816650806562933
32 3.668526665389615
42 3.8046811501270885
28 3.5595212921685158
34 3.667888392984762
46 3.8314734895259406
36 3.6597178000418027
40 3.6207390741100194
40 3.651884442880242
38 3.6337996647702786
52 3.768579693308123
48 3.7604100370903346
60 3.6924318141554444
32 3.7421565205480958
68 3.800926177185834
34 3.6559826501220876
46 3.6927844013144333
28 3.5798798805921743
50 3.7869179977704275
36 3.6951109043349017
40 3.7257197654255343
62 3.682896906658261
44 3.6112703023001114
32 3.567893846450922
44 3.705496971212172
40 3.745222316469369
40 3.8150659248881755
42 3.6890191661442175
