44 3.653771923076039
52 3.6995015742854496
34 3.642766753050764
60 3.755411200449931
36 3.6032480072525703
48 3.7867318325371935
72 3.9127049336580932
54 3.7846120655298057
46 3.7794495811051756
52 3.8034289832407033
48 3.6491450642385117
58 3.735980740613561
76 3.830272797031358
66 3.7895523974347407
50 3.7207079077124967
66 3.8379669868325053
42 3.626951517482926
62 3.8828533856342506
52 3.7217852824214557
54 3.869017326929916
74 3.845737203622928
46 3.874349213143706
66 3.837359051162314
50 3.649467449955662
40 3.753913060016084
76 3.8304883320433154
74 3.8353493173827604
54 3.8216042149358858
60 3.9005033813800414
52 3.691641243334992
70 3.6949811119834925
44 3.7263106972918436
36 3.718682132339096
90 3.882509802613509
44 3.7047571026267123
54 3.838229578960706
52 3.8163242377452344
58 3.8283091350527525
56 3.7884977746668924
56 3.7388022557954583
80 3.838753114776414
58 3.7323688227860687
48 3.8350491865279683
62 3.7730678177176036
48 3.7230992921136132
76 3.812867229567766
78 3.710323424593216
64 3.867391165464163
36 3.5415052026072225
48 3.7817892835649713
66 3.812318490521743
56 3.7585517868182725
52 3.72336299953897
42 3.7249703318253875
88 3.8853939271099223
64 3.916374382399523
60 3.8363708934473912
56 3.7980748389393613
68 3.961724061313646
80 3.8833504633370493
70 3.793646498842302
50 3.9207458921557197
48 3.882652435185796
50 3.707401626347171
70 3.845345177018944
66 3.749672375996213
46 3.7793706556268916
42 3.600795702324161
62 3.982301831149106
68 3.897165013088256
42 3.7619798530780826
72 3.7660727165357804
50 3.7813565787958416
62 3.8992575880578992
50 3.800193238955968
52 3.812674958091892
58 3.7929755779078294
64 3.8113387978543414
98 4.050248248751836
68 3.82054953631325
48 3.8452242592120713
74 3.8417869034174275
58 3.7972416667368716
56 3.944310064668001
38 3.7206224805580956
76 3.7493759936516056
36 3.8026105003410633
44 3.703523764929376
36 3.6019526477073907
44 3.7356071454531317
40 3.7580043861581043
46 3.802606079357124
50 3.7608331219851436
58 3.809941305068856
60 3.857635965413061
30 3.669586948961195
52 3.8441360722752385
48 3.7315647758072807
46 3.6032885762783526
46 3.6553186214624995
54 3.860661449451416
44 3.720670246275578
52 3.716782011431019
54 3.8221527347381676
60 3.887153102395761
44 3.926283045896392
70 3.7297226713494664
58 3.6800008056398386
72 3.8220893372980407
52 3.7004915476824154
72 3.8614834136030605
58 3.9023873738520813
54 3.7780265819926724
56 3.606537259867686
74 3.7135179167068193
86 3.7810887607430748
96 3.7539534237570993
54 3.7789963772728288
54 3.8046878669522917
74 3.7836515012322405
60 3.8401552541590602
42 3.680576763582577
76 3.902912068756148
36 3.583778740137495
86 3.8766705531469667
62 3.8410622105297443
36 3.7736304660946116
88 3.8773150886046825
58 3.924907466638184
62 3.889736895356578
62 3.8926395720264284
60 3.7911647315073624
32 3.580904006499867
58 3.8752236287582087
34 3.6715624005209193
36 3.683337122649213
58 3.8723441614696195
56 3.836748114644106
66 3.8790547570090297
60 3.7681893545418683
48 3.7150486763574007
40 3.6659728386470385
36 3.6797509381952227
56 3.810312711841571
70 3.890667834683923
66 3.913641771560639
48 3.772861204986269
66 3.857580352330292
46 3.7573399066647695
74 3.886045577503039
34 3.660208617492547
46 3.72845797153783
38 3.7133729698074105
42 3.663664494997066
62 3.8471613796994633
44 3.7532850011081003
38 3.78650374646657
44 3.7674972050203803
34 3.7402983642679013
60 3.796192072779477
50 3.7244868116545438
68 3.914615749166327
66 3.933076277229741
58 3.6908827947468654
92 3.848991433968816
64 3.943437197571335
64 3.9285409215877922
70 3.6803054950310656
60 3.707138339782377
54 3.841130596050782
54 3.7290019111724897
60 3.9274249014135543
62 3.9193211275240056
38 3.5990261875533864
84 3.9784298630907022
58 3.792775237252056
38 3.75789859555815
56 3.7445063458665215
68 3.7456525090955863
74 3.7310012446174565
64 3.8851204650055005
56 3.7886419171721837
46 3.806041457743896
54 3.909830026242217
68 3.804243227369289
54 3.7356584853030506
62 3.8643458191949622
62 3.8572834934351437
34 3.7278867164220344
72 3.8596160546754628
56 3.869703834670503
68 3.804753342420928
58 3.7847766229188
40 3.701807485459357
56 3.6866520138522323
66 3.7972932171041593
76 3.7843862598247235
48 3.655923533173528
36 3.731561584983306
48 3.6280315202265125
42 3.7536864920208006
34 3.5893383355518935
54 3.827582227179104
38 3.6654838057381767
46 3.657384917758755
62 3.793119939466779
54 3.7856253785308818
56 3.7656084790167705
62 3.821578350338196
38 3.768020344825746
64 3.7511424463571923
58 3.6756083552776766
48 3.727388033263052
62 3.8424674262457414
44 3.7698746758207204
80 3.870903357692973
54 3.845172155970764
38 3.6250048779068456
86 3.9628579037782043
58 3.764845525213857
102 3.918694306918238
60 3.800995697781851
86 4.002102518131115
90 3.980404980619176
52 3.746702775801251
64 3.634070467536495
34 3.6861388408718496
60 3.7778788501207896
54 3.686109571179767
40 3.636084256682956
34 3.7547800702801633
62 3.8133638163922776
50 3.7727649254499074
50 3.732208857485176
82 3.97484721889987
28 3.6425676126131705
78 3.9263852629546094
56 3.851504762840702
64 3.806300014948354
58 3.805399546905418
68 3.7018417241775325
30 3.646270912361967
64 3.823610221766018
50 3.860236533167353
68 3.7929908033313757
52 3.841991593203221
54 3.8197367688694444
58 3.84985975119049
52 3.8197632783628412
64 3.8543138965358117
32 3.732267003532968
38 3.6362210888154807
64 3.8281660061829794
52 3.7217639456683695
42 3.6844687489926318
54 3.79895831965884
40 3.7210090366083706
62 3.813081158781244
64 3.832900983343559
80 3.934571683437166
54 3.7999865212000445
40 3.6673479725881593
56 3.7059441526200363
50 3.8985521689812903
40 3.648259555873197
66 3.860462250947708
50 3.6406326313188506
40 3.7759092509023118
72 3.7757480221908026
62 3.804355701103769
74 3.8799918838979686
60 3.683262732337226
70 3.9751764459813734
64 3.750827007819799
56 3.867627427395685
46 3.7881903253093396
34 3.6351449243571174
62 3.8230067071531018
56 3.719449281996524
66 3.834054548743855
108 3.9065101906119435
60 3.7891432789529302
66 3.7803634385666136
40 3.765289678174364
68 3.9960392836222165
58 3.7050080650282062
36 3.731338944260865
40 3.7461818623610097
60 3.8343117495566643
38 3.6553641210254058
70 3.8457738863936535
70 3.8116733435932226
48 3.817979440276387
50 3.80284038916894
66 3.804189047733231
32 3.6973430831245184
52 3.8239479208331373
62 3.7480836112911544
44 3.678243679515931
62 3.7840138946161255
