34 3.66668260765359
26 3.512256820880034
40 3.6789225720298586
42 3.7541259979421158
30 3.6417753062831615
26 3.6620118471493193
34 3.570700801377221
26 3.6159612054045236
34 3.6009136939279984
50 3.820919565187629
38 3.5927328568017147
46 3.8285949674893427
24 3.50744071957686
34 3.7369932276818405
32 3.6543522359257055
44 3.765154945856079
30 3.6115589035331817
36 3.7178431179605056
28 3.5779720829497785
38 3.5855452939951755
28 3.704523506101157
34 3.5818257624659866
28 3.721783935827921
30 3.6699314822938334
30 3.5818460264704237
34 3.622814453212402
30 3.6180492239193485
34 3.740385194154562
34 3.6653905132994367
36 3.5762664098701746
60 3.7653763738993837
62 3.631951372622394
46 3.6437981469716787
34 3.6989047048888897
42 3.683974985099723
30 3.6259487356964435
34 3.6622479305903535
34 3.755376174268325
56 3.739280686819712
34 3.6724570283820337
26 3.6571048426574984
48 3.682996594110243
44 3.688233475129828
54 3.846322031172251
34 3.614285913006339
36 3.764711473957001
46 3.679907473854302
34 3.6940081198717243
38 3.581772432223945
36 3.6250113287908623
30 3.6052079848177847
50 3.809378780652734
30 3.7018725509028165
42 3.753598064142447
32 3.6958662104313063
30 3.562952660910235
28 3.564566816802897
38 3.6566480409055404
42 3.747441055977465
36 3.742229342703513
40 3.7168594120408494
28 3.5511290407535934
34 3.670333997145537
36 3.5712357061026667
38 3.5947105123928815
28 3.553666082872162
54 3.738019923263125
46 3.86899273136222
48 3.875628391709074
52 3.9381523003934005
32 3.561194674209782
54 3.8791458185792966
50 3.8721291520590473
38 3.7855023201973697
44 3.8038844088433157
38 3.626355168560797
50 3.7408066013492522
26 3.585809173337619
50 3.6665845297819795
36 3.6289675311189056
48 3.6959632872887647
50 3.6853721839229197
28 3.7056686868867903
30 3.5560570074086675
32 3.6346573929557455
42 3.720924979280048
36 3.606189349614436
46 3.7581426880492677
30 3.694642100064852
30 3.6348798896906875
36 3.605899408502136
32 3.6450735385812645
40 3.7418719641120384
36 3.7521199214631586
34 3.7574579740565692
38 3.709411054031154
34 3.662373030050576
52 3.859045741044555
34 3.604319150760093
40 3.7465538561708764
56 3.720574932678204
34 3.628762552021121
50 3.681552210725292
38 3.5790366696209235
56 3.799746429895898
30 3.655188655660519
28 3.6409739957469194
38 3.633218124487602
36 3.5648112789990725
32 3.6762259378653517
28 3.591301911991253
30 3.5820436707266015
32 3.673463361842066
36 3.62248410451328
40 3.707059428759291
38 3.6332724956413034
28 3.667824569462727
24 3.6143271350811212
54 3.803426788252479
44 3.712046139818593
34 3.5926917619332825
42 3.6899861202218953
32 3.778273820566603
40 3.737909256907145
32 3.556351575086929
36 3.708242220246767
38 3.691793684216213
44 3.677617716802411
36 3.702431787351015
32 3.6245578726846817
36 3.662566489708384
28 3.5147244530654085
34 3.633248314570458
50 3.7611926453273896
38 3.8355611613899883
34 3.7145636443334524
42 3.74382483431985
30 3.6696132550838816
30 3.5782833377093417
36 3.7839893296376177
28 3.5873637695628315
42 3.764696568293135
28 3.6447192602248837
34 3.533573393080099
34 3.612771827575539
30 3.7300603981576477
42 3.7764372957239027
42 3.758828978944416
30 3.6260155512424785
48 3.7852718432115173
50 3.76687672345769
38 3.6991511201358236
28 3.5568821375292323
56 3.669086743295642
36 3.555091014642902
40 3.624591281252419
42 3.6918492765814386
32 3.6878476871891377
36 3.695633335823355
28 3.712025853984715
46 3.7662126622088037
24 3.640800242378831
44 3.6682701262417834
40 3.7754378596424067
48 3.618045130506411
40 3.764491703950783
48 3.602383203513071
26 3.6388144974746486
34 3.727786365231682
38 3.7190007230186723
30 3.575462709178772
38 3.7410129717160214
40 3.67090467300117
40 3.709332323077059
50 3.7973903862387184
50 3.7228467480277745
40 3.6501107912236734
36 3.7104160600587512
46 3.7469807037549097
40 3.6210767436871305
26 3.618896096757913
40 3.8564278924261854
34 3.557851046500654
36 3.755722744949295
34 3.784068942432131
40 3.5783280759312537
32 3.689942408615736
50 3.868032061074942
44 3.7044927388667066
30 3.6040164960868006
28 3.6579599934414704
34 3.669972169368291
44 3.678841695290632
34 3.6533150812576545
40 3.7318126004912693
30 3.6157078570658694
40 3.7009432701097
42 3.6965939459693526
54 3.7635930469134333
50 3.7283074951503683
34 3.546084999125854
50 3.7816057375940733
38 3.6060654251863573
42 3.7085186265544494
38 3.748738535207039
36 3.7140156886081788
30 3.689184839139129
46 3.7522173974194954
42 3.742018589338627
34 3.731014586569612
26 3.7113423643987278
36 3.6040302052069526
28 3.6678925814385925
28 3.5885019014238995
26 3.607339439252408
30 3.6684665634886584
58 3.8028997101593287
30 3.601776877862811
46 3.747447191170402
38 3.768702630691923
48 3.6263347058051116
48 3.888317929757854
46 3.722990738014349
38 3.6260399076055956
32 3.72407307116038
38 3.7292693916733057
36 3.760192496290636
26 3.659327969961716
60 3.6100193875411226
46 3.786446132016814
40 3.5521946858343325
30 3.630395430125469
44 3.618075344537687
26 3.5774127104392943
44 3.6984510791336715
34 3.6490035374914704
54 3.6155257768788687
34 3.694824693533213
34 3.620038630492512
34 3.791618193411629
34 3.7237649564213586
48 3.7379745445137718
28 3.6184526256252907
34 3.7015717223529867
48 3.7253829661624005
30 3.6940758947380936
50 3.679303509274593
34 3.6109670009266592
38 3.6323538692874573
40 3.7712377994016677
26 3.6138884494679937
34 3.647836745614459
28 3.715019425982961
38 3.656384887527667
32 3.7125069060733678
36 3.7703457043610675
28 3.5904063453182165
42 3.6797837379543843
34 3.6546667793541734
26 3.556061643352738
32 3.566165774945889
40 3.789983144217617
38 3.6369916558463924
26 3.5780615688516697
42 3.688056680069618
30 3.6097971424635804
32 3.664340189066894
60 3.8149545214646845
30 3.657065156657916
30 3.6103978447043565
28 3.681884709458007
40 3.7575824068458377
26 3.587907849672243
48 3.7924383728471605
26 3.710314499193907
34 3.6166241435151036
40 3.670638738429264
34 3.577789676345207
34 3.584063286173923
36 3.597694808802393
30 3.575258868897045
38 3.698735951768302
42 3.845331270076785
50 3.9217343384729344
36 3.5236968946962723
44 3.7289856309119402
38 3.675260824118903
34 3.7288898901154837
46 3.775538421522852
38 3.643609472531458
34 3.6536659457522465
52 3.7838896710835406
50 3.6964065221567655
36 3.6863064791405074
36 3.5647124646340185
26 3.663651594352989
32 3.5339304833983114
36 3.648742413300809
36 3.7270115487507387
36 3.614319268972782
